101000001001001011000010101100111110000011011110
101000000001001001010010110000110010111100011111
001001000101101001010000001111110011001110011000
000001100111000101010000011100010101000101100111
000011100100010101010001010001101010100010101110
010011110100000100001001111001000011110111011101
000010111000000110001001001010111001001011111011
000110010000100010001011010101111101110100100011
000110010000101010001000001111001101101100001110
000100000011100010001100110101000101010011110010
000100000010110001000100110011011010101001101001
010000000110110000100100101100101111111001011000
110000001010010100100100001110011001011100110110
110000001000011000100011100111010110110010100010
111000011001001000100010011011000110101001010101
101000001001001000101010111100101000100010110001
